Cluster 0: 11 samples
[0, 31, 32, 33, 34, 35, 57, 58, 61, 63, 101]

Cluster 1: 44 samples
[1, 2, 3, 4, 6, 7, 8, 9, 10, 18, 29, 52, 60, 65, 70, 71, 72, 73, 74, 77, 78, 79, 80, 81, 82, 83, 84, 85, 86, 87, 88, 89, 90, 91, 92, 93, 94, 95, 96, 97, 98, 99, 100, 103]

Cluster 2: 9 samples
[5, 36, 53, 59, 62, 64, 66, 67, 75]

Cluster 3: 32 samples
[11, 12, 13, 14, 20, 21, 22, 23, 24, 25, 26, 27, 37, 38, 39, 40, 41, 42, 43, 44, 45, 46, 47, 48, 49, 54, 55, 56, 68, 69, 76, 102]

Cluster 4: 8 samples
[15, 16, 17, 19, 28, 30, 50, 51]

